function [baseMVA,bus,branch,Ploaddata,Qloaddata]=case33radial
%% Formate for data definition is adopted from MATPOWER
baseMVA=27;
%% Bus Data
%	Bus_I	Pd	Qd	Bs	Type	Vm	Va	basekV	Vmax	Vmin
bus=[...
   1	1	0	0	3	1	0	11	1.05	0.95
2	1	0	0	3	1	0	11	1.05	0.95
3	100	60	0	3	1	0	11	1.05	0.95
4	90	40	0	3	1	0	11	1.05	0.95
5	120	80	0	3	1	0	11	1.05	0.95
6	60	30	0	3	1	0	11	1.05	0.95
7	60	20	0	3	1	0	11	1.05	0.95
8	200	100	0	3	1	0	11	1.05	0.95
9	200	100	0	3	1	0	11	1.05	0.95
10	60	20	0	3	1	0	11	1.05	0.95
11	60	20	0	3	1	0	11	1.05	0.95
12	45	30	0	3	1	0	11	1.05	0.95
13	60	35	0	3	1	0	11	1.05	0.95
14	60	35	0	3	1	0	11	1.05	0.95
15	120	80	0	3	1	0	11	1.05	0.95
16	60	10	0	3	1	0	11	1.05	0.95
17	60	20	0	3	1	0	11	1.05	0.95
18	60	20	0	3	1	0	11	1.05	0.95
19	90	40	0	3	1	0	11	1.05	0.95
20	90	40	0	3	1	0	11	1.05	0.95
21	90	40	0	3	1	0	11	1.05	0.95
22	90	40	0	3	1	0	11	1.05	0.95
23	90	40	0	3	1	0	11	1.05	0.95
24	90	50	0	3	1	0	11	1.05	0.95
25	420	200	0	3	1	0	11	1.05	0.95
26	420	200	0	3	1	0	11	1.05	0.95
27	60	25	0	3	1	0	11	1.05	0.95
28	60	25	0	3	1	0	11	1.05	0.95
29	60	20	0	3	1	0	11	1.05	0.95
30	120	70	0	3	1	0	11	1.05	0.95
31	200	600	0	3	1	0	11	1.05	0.95
32	150	70	0	3	1	0	11	1.05	0.95
33	210	100	0	3	1	0	11	1.05	0.95
34	60	40	0	3	1	0	11	1.05	0.95
35	100	60	0	3	1	0	11	1.05	0.95
36	90	40	0	3	1	0	11	1.05	0.95
37	120	80	0	3	1	0	11	1.05	0.95
38	60	30	0	3	1	0	11	1.05	0.95
39	60	20	0	3	1	0	11	1.05	0.95
40	200	100	0	3	1	0	11	1.05	0.95
41	200	100	0	3	1	0	11	1.05	0.95
42	60	20	0	3	1	0	11	1.05	0.95
43	60	20	0	3	1	0	11	1.05	0.95
44	45	30	0	3	1	0	11	1.05	0.95
45	60	35	0	3	1	0	11	1.05	0.95
46	60	35	0	3	1	0	11	1.05	0.95
47	120	80	0	3	1	0	11	1.05	0.95
48	60	10	0	3	1	0	11	1.05	0.95
49	60	20	0	3	1	0	11	1.05	0.95
50	60	20	0	3	1	0	11	1.05	0.95
51	90	40	0	3	1	0	11	1.05	0.95
52	90	40	0	3	1	0	11	1.05	0.95
53	90	40	0	3	1	0	11	1.05	0.95
54	90	40	0	3	1	0	11	1.05	0.95
55	90	40	0	3	1	0	11	1.05	0.95
56	90	50	0	3	1	0	11	1.05	0.95
57	420	200	0	3	1	0	11	1.05	0.95
58	420	200	0	3	1	0	11	1.05	0.95
59	60	25	0	3	1	0	11	1.05	0.95
60	60	25	0	3	1	0	11	1.05	0.95
61	60	20	0	3	1	0	11	1.05	0.95
62	120	70	0	3	1	0	11	1.05	0.95
63	200	600	0	3	1	0	11	1.05	0.95
64	150	70	0	3	1	0	11	1.05	0.95
65	210	100	0	3	1	0	11	1.05	0.95
66	60	40	0	3	1	0	11	1.05	0.95
67	90	40	0	3	1	0	11	1.05	0.95
68	90	40	0	3	1	0	11	1.05	0.95
69	90	40	0	3	1	0	11	1.05	0.95
70	90	50	0	3	1	0	11	1.05	0.95
71	420	200	0	3	1	0	11	1.05	0.95
72	420	200	0	3	1	0	11	1.05	0.95
73	60	25	0	3	1	0	11	1.05	0.95
74	60	25	0	3	1	0	11	1.05	0.95
75	60	20	0	3	1	0	11	1.05	0.95
76	120	70	0	3	1	0	11	1.05	0.95 ];

%% Any Changes in Bus Data Such as Load Type, P, and Q can be edited here seperately
% E.g., In base case all load are of PQ Type (3). But if we wish that from
% all load are of Z-type (1) then simply write
% bus(2:33,5)=2;
% For all loads of I-type (2) write
% bus(2:3,5)=3;
% For all loads of ZIP-type (4) write
% bus(2:33,5)=4;
% Apart from this we can also define different type of loads at each bus
% using similar steps

%% Line Data
%   f	t	r(ohm)%1.35	x(ohm)%0.254	Status	Ratio	RateA distance(m)
branch=[...
    1	2	0.13905	0.026162	1	0	9990	103
2	3	0.1323	0.024892	1	0	9990	98
2	4	0.1377	0.025908	1	0	9990	102
4	5	0.13095	0.024638	1	0	9990	97
5	6	0.08775	0.01651	1	0	9990	65
6	7	0.10935	0.020574	1	0	9990	81
6	8	0.2187	0.041148	1	0	9990	162
8	9	0.2457	0.046228	1	0	9990	182
9	10	0.0972	0.018288	1	0	9990	72
10	11	0.13365	0.025146	1	0	9990	99
11	12	0.02025	0.00381	1	0	9990	15
12	13	0.10665	0.020066	1	0	9990	79
13	14	0.0378	0.007112	1	0	9990	28
14	15	0.0864	0.016256	1	0	9990	64
14	16	0.2835	0.05334	1	0	9990	210
16	17	0.14715	0.027686	1	0	9990	109
16	18	0.46845	0.088138	1	0	9990	347
16	19	0.4752	0.089408	1	0	9990	352
19	20	0.081	0.01524	1	0	9990	60
20	21	0.09585	0.018034	1	0	9990	71
21	22	0.08775	0.01651	1	0	9990	65
22	23	0.22545	0.042418	1	0	9990	167
23	24	0.1458	0.027432	1	0	9990	108
24	25	0.18225	0.03429	1	0	9990	135
22	26	0.18765	0.035306	1	0	9990	139
26	27	0.11745	0.022098	1	0	9990	87
27	28	0.07695	0.014478	1	0	9990	57
28	29	0.1917	0.036068	1	0	9990	142
28	30	0.15525	0.02921	1	0	9990	115
30	31	0.1404	0.026416	1	0	9990	104
31	32	0.3996	0.075184	1	0	9990	296
31	33	0.33885	0.063754	1	0	9990	251
12	34	0.1404	0.026416	1	0	9990	104
34	35	0.07965	0.014986	1	0	9990	59
34	36	0.2943	0.055372	1	0	9990	218
34	37	0.1188	0.022352	1	0	9990	88
37	38	0.25785	0.048514	1	0	9990	191
38	39	0.1377	0.025908	1	0	9990	102
39	40	0.16875	0.03175	1	0	9990	125
37	41	0.15255	0.028702	1	0	9990	113
41	42	0.1296	0.024384	1	0	9990	96
42	43	0.24165	0.045466	1	0	9990	179
43	44	0.0675	0.0127	1	0	9990	50
44	45	0.14175	0.02667	1	0	9990	105
45	46	0.135	0.0254	1	0	9990	100
46	47	0.14985	0.028194	1	0	9990	111
47	48	0.38745	0.072898	1	0	9990	287
48	49	0.0675	0.0127	1	0	9990	50
49	50	0.15255	0.028702	1	0	9990	113
46	51	0.19845	0.037338	1	0	9990	147
51	52	0.11745	0.022098	1	0	9990	87
52	53	0.04455	0.008382	1	0	9990	33
53	54	0.21465	0.040386	1	0	9990	159
54	55	0.2943	0.055372	1	0	9990	218
54	56	0.40635	0.076454	1	0	9990	301
42	57	0.13365	0.025146	1	0	9990	99
57	58	0.14715	0.027686	1	0	9990	109
58	59	0.27	0.0508	1	0	9990	200
59	60	0.29295	0.055118	1	0	9990	217
59	61	0.45765	0.086106	1	0	9990	339
61	62	0.13365	0.025146	1	0	9990	99
62	63	0.12015	0.022606	1	0	9990	89
63	64	0.2079	0.039116	1	0	9990	154
64	65	0.2025	0.0381	1	0	9990	150
65	66	0.40905	0.076962	1	0	9990	303
65	67	0.34965	0.065786	1	0	9990	259
65	68	0.4941	0.092964	1	0	9990	366
68	69	0.33615	0.063246	1	0	9990	249
64	70	0.1377	0.025908	1	0	9990	102
61	71	0.297	0.05588	1	0	9990	220
71	72	0.28755	0.054102	1	0	9990	213
71	73	0.108	0.02032	1	0	9990	80
73	74	0.16605	0.031242	1	0	9990	123
74	75	0.297	0.05588	1	0	9990	220
74	76	0.4806	0.090424	1	0	9990	356 ];


				
%%
