function hoursdata = DAYrandata33()
% Type 1=AC,2=DC
%         | hours | LoadDemand	| EVS D	| EP($/MWh)	|Pvpower	|windpower
%         |
%         
hoursdata = [1	62	0	77	0	87
2	58	0	71	0	90
3	55	0	66	0	93
4	55	3	63	0	88
5	57	20	63	0	86
6	62	38	66	2	84
7	74	69	77	10	82
8	85	92	91	27	78
9	93	95	100	51	69
10	97	86	110	68	62
11	98	87	126	82	55
12	97	85	130	93	52
13	98	92	126	92	56
14	98	73	130	92	62
15	96	85	130	83	65
16	96	100	117	66	70
17	94	98	112	50	60
18	94	80	112	23	59
19	91	56	106	9	65
20	90	42	105	2	67
21	90	31	105	0	66
22	91	29	106	0	67
23	85	23	100	0	73
24	70	20	88	0	76];